winLevel(200,160,320,190): media=60.1233, sigma=9.86004
winLevel(200,160,320,190): media=60.6539, sigma=10.6295
winLevel(200,160,320,190): media=62.3656, sigma=10.7837
Dilato...
Erosiono...
aplico canny...
# contornos encontrados=2
perimetro:772.777
area:-18833.5
apLevel=1
total lados encontrados:46
perimetro aprox:740.114
area aprox:18868.5
apLevel=2
total lados encontrados:20
perimetro aprox:734.122
area aprox:18719
apLevel=3
total lados encontrados:17
perimetro aprox:733.599
area aprox:18573.5
CONDICION!
area:-18573.5
apLevel=4
total lados encontrados:13
perimetro aprox:730.55
area aprox:18515.5
apLevel=5
total lados encontrados:11
perimetro aprox:728.42
area aprox:19055
apLevel=6
total lados encontrados:11
perimetro aprox:726.243
area aprox:19007
apLevel=7
total lados encontrados:10
perimetro aprox:722.265
area aprox:18496
apLevel=8
total lados encontrados:10
perimetro aprox:722.265
area aprox:18496
apLevel=9
total lados encontrados:10
perimetro aprox:722.265
area aprox:18496
poly #0

463.999 1999.5 2146.5 1821 4656 8271 7809.99 
329.499 1999 2140 6568 8165 8462.5 8019.5 
170.5 2017.5 9647.5 11888 11458 11059 5109 
367.5 1352 9628.51 13856.5 13555.5 10554 9555 
1570 2141.99 1406 8585.5 11342 10276 7047 
337.992 1549 1294.98 3134.01 8173.01 8441.5 3549 
117.499 445.997 3892 5734.5 6719 4613.5 850.996 
93.9999 2296 6464.5 7318.5 8819 9974.5 643.487 
84.0001 1406.5 2854.5 6355.5 10222.5 11560 13736 
127.5 465.5 2823 5730 7639 13596 15393.5 
50 2665.5 6205 6779 7832.5 11267 13101 
182 1335 6043.5 6544.5 8239 8055 102.911 
453.016 411.494 1016.99 2614.5 4143.51 6841 4645 
133.5 2628 2829.99 749.978 10014.5 10981 7969.5 
99 1399 728.98 9071.99 10775.5 10684.5 7450 
330 639 7391 12931.5 13273.5 10486 4348.5 
249 1984 2638.5 8875 10767 8683.51 7644 
