winLevel(200,160,320,190): media=60.1233, sigma=9.86004
winLevel(200,160,320,190): media=60.6539, sigma=10.6295
winLevel(200,160,320,190): media=62.3656, sigma=10.7837
Dilato...
Erosiono...
aplico canny...
# contornos encontrados=2
perimetro:772.777
area:-18833.5
apLevel=1
total lados encontrados:46
perimetro aprox:740.114
area aprox:18868.5
CONDICION!
area:-18868.5
apLevel=2
total lados encontrados:20
perimetro aprox:734.122
area aprox:18719
apLevel=3
total lados encontrados:17
perimetro aprox:733.599
area aprox:18573.5
apLevel=4
total lados encontrados:13
perimetro aprox:730.55
area aprox:18515.5
apLevel=5
total lados encontrados:11
perimetro aprox:728.42
area aprox:19055
apLevel=6
total lados encontrados:11
perimetro aprox:726.243
area aprox:19007
apLevel=7
total lados encontrados:10
perimetro aprox:722.265
area aprox:18496
apLevel=8
total lados encontrados:10
perimetro aprox:722.265
area aprox:18496
apLevel=9
total lados encontrados:10
perimetro aprox:722.265
area aprox:18496
poly #0

49.5 142 1315.5 1857 2125 2146.5 2343 3480 4002 4962 5595 5156 6624 6372 6611 7349 7251.5 8379 8096 7454.5 5348.5 2264.49 
8.99998 277.999 759.499 1842 2233.5 2009.5 1597.5 1771.5 2999 3591 4348 4888.5 4731 6073.5 6319.5 6550.5 7231.5 7025 8104.5 7829.5 7142.5 4480 
46.0009 65.0035 651.5 1541 2224 1912 1747 1627 1892 3001 3446 4300.5 4719 4957.5 6199 6370 6590 7269 7011 8032 7853 6121.5 
46.5019 304.002 1342.5 1958 2046 2146 2625 3047 3861.5 4593 4770.5 4824.5 5550 5562 5669 6548 6643.5 6725.5 7224 8060 7909 3759 
64.0001 1320.5 1609 1900 2354 3221 3877 5624.5 6623 6088 6251.5 6415 6030.5 6250.5 6812.5 6841 6775 6880 8539.5 8316 4875 2388.5 
170.5 552 1593 1842 2878 4167.5 6642.5 7949.5 7863.5 8022.5 7691 7479.5 7102.5 7422 7462 7112.5 7158.5 8707 8151 5579 3505.5 1693.51 
103.5 441.5 627.5 1616 2395.5 4815 7106.5 7609 7878 8036.5 7796 7122 7813.5 7367.5 6796.5 6824.5 8274 7878 5422.5 3515.99 2462 1243.49 
19.4999 279 449 855.499 3609.5 5087.5 6051.5 7639 8272 8123 7790.5 8447.5 7598 7334 7053 8123.5 7968 6118.5 4605 2644 1440.49 743 
18 206 342 269.501 637.994 3828 4659.5 5660 7061.5 7301 8170.5 7701 7256 6428 7555 7377 5983 4717.5 3435 2423 918.999 226.517 
24 300 945.001 1279.5 661.005 527.497 4164 4806.5 5556.5 7911 8124 8000 7563 8648.5 7582 7223.5 5971.5 4567 3290.5 2124 1467 295 
25.0002 117.997 859 1261 1362.5 880.984 373.524 3746 5002 5740 7227 7467 9138.5 8643 8433 7331.5 6690 4966 3420 2389.5 1537 1176 
59.0006 36.0087 44.9935 751.497 1281.5 1253.5 700.505 572.032 4191.99 4826.5 5541 8737.5 9148 9557.5 9081 8472 7002 5764 4219 3000 2084.5 1290 
72.0005 0 24.9942 242.502 709.008 1082 1335.01 928.995 158.474 2757.5 4493.01 5526.49 8479.5 9228 8757.5 7819 6562.5 5734 4925 3490 2610 716 
38.0001 71.9983 11.1105 18.5782 148.991 599.506 976.498 865.515 628.001 285.058 3733.02 6355 8123 9346 8832 7075 6544 5820 5091.5 4668 2174 1410 
12.0001 57 108.999 194.006 198.501 408.494 750.005 1142 1694.99 788.446 2569.01 6858 7823.49 8163.01 7602 7237.5 6015.5 5404 5168 3471 3115 1455.5 
18.0001 36.9998 100.001 182.496 272.493 213.023 426.48 1213.51 1329.03 964.995 3134.01 5003.49 7449 6893.5 7113.5 6674.5 6052 5362.5 3472 3371 2820.5 1575 
12 0 15.5037 10.9972 18.0367 61.0636 57.0223 98.5691 1447.99 2466.01 4131.5 5257 5800 7059 6675.5 6445.5 6289 4070.5 3391 2699.5 1526 1375 
6 18.9986 11.9978 18.5021 63.0036 163.532 143.502 2101.5 3251 3472.5 3756 4810.5 5514 5800.5 6167 6205.5 4663 4080 3064.5 1078.5 663 521.002 
25 8.99928 66.0004 47.9962 52.5165 259.007 1832.5 3256 4346.5 4619 4321 4518 5472.5 5670 6065.5 5026 4865 4153.5 1880.5 921.99 1312.5 1117.5 
24.5 2.50024 31.0003 31.9943 136.001 989 2271 3902 4696 5089 5325.5 5321.5 5315 6432 6567.5 6333 4492 3036 2229 850.514 1379.49 983.5 
5 2.99942 70.4978 118.999 873.501 1556 2050 3116.5 4333 4985 5416 5334.5 5684 6055 7186.5 7260 6292.5 3337 1621.49 854.999 11.7012 114.014 
6 5.00102 3.48093 506.501 845.999 1438.5 1882.5 2077 3050 4299 4619.5 5294 5246.5 5938 6543.5 7629.5 7765 6588.5 2247 2663.5 2527 1138 
40.9999 11.9999 193 808 1126.5 1291 1637 2058 2289 3081 4542 4775.5 5487 5753.5 6545 7631.5 9156.5 8768 8263.5 4106 4056 2799 
81.9999 728 1151.5 1477 2294.5 2340.5 2555 2809.5 3070 3504 4124 5707.5 6169 6602.5 7353 9218.5 10522.5 12907 12672.5 11430 5203 3802.01 
48.0001 1006.5 1349.5 1532.5 1601 2371.5 2415.5 2479.5 2830.5 3057 3533.5 4349 5681 6403 7247.5 8015.5 11061.5 12702.5 14776 14253.5 11670 2204.99 
47.9999 204 1047.5 1380 1600 1739 2120 2274.5 2835.5 3037 3509 4153 5018.5 6721 7237.5 8980.5 10089 12769 14564.5 15512 12088.5 8179.99 
37.5 403.5 976.5 1438 1656.5 1794 1926.5 2928 3072 3597.5 4110 4858 6155 6653 8502 9174 10486 11701 13811 13191 12328 9899.5 
50 436.5 1067.5 1479 1665.5 1804 2910.5 3039.5 3667.5 4358 5177 6145 6608.5 7608 8169 9778 10668 11267 10120 11111.5 11333 4476 
48.0002 180.5 589 1282.5 1512 2646.5 2775.5 3420.5 4209 5024 6141 6633 6920 7325 8106 9122 10310 9036.01 8374.5 8086 4373.5 2935.5 
23.9999 8.99799 162 385.5 1873.5 2154.5 2707 3517 4287 5376.5 5883 6058.5 6345 6526 7382.5 7984 7647.5 7589.5 6897 2115 452.02 672.009 
14 48.5001 71.9998 501.001 1046.5 2430 3570.5 4198 5321 5800 5796.5 6214.5 6313 7125 7265 7215.5 7170.5 6749.51 3110.5 785.981 1014 1814.5 
8.49993 4.99947 38.0047 105.992 462.499 1550 3436 4896 5292 5216 5405 5370.5 6464 6597.5 6824 6408.5 6321 4857 2920.5 572.978 1219 1362 
9.99999 63 45.9995 129.493 39.9056 510.01 2003.5 4360.5 4510.5 4925.5 4875 5650.5 5785.5 6470 6193 6280.5 4984 4142 3474.5 1238 4.20409 262.008 
41.9999 0 40.5039 44.9964 95.969 119.961 820.505 1851 3973 4240.5 5490 5659 6327 6186 6401 5755.5 5497 4347.5 2985 2854 2121 1054 
43 62.9981 100.003 283.51 312.503 589.511 942.017 678.017 53.4453 2308.48 3000.5 4553.5 4651.5 5058.5 6147 5859 5456 4527 3715 3256 3054.5 1652 
14 0 28.957 159.003 346.005 640.505 1183 1455.49 956.978 417.532 3804.5 4616.99 5074.5 6460.5 7083 6905 5144 4644 4310.5 3658 2813 2160 
23.5007 40.5019 104.996 111.488 613.989 1012.51 1287 1828 1707.51 17.3733 1800.03 4319 7804 7476 7406 6569.5 5969 4693.5 4310.5 3695.5 2768.5 1121 
70.0002 141.002 169.499 899.994 1163 1650 2045 1996 1242 446.953 656.943 5807 8847.5 9607.01 7045.5 6314 5462 5056.5 3849 3270 1790.5 664 
60.0008 51.4976 432.002 646.997 1485 1618.01 1694 776.025 107.535 349.962 5066.99 7435.5 9231 9489.51 8713.5 6000 5532 4890 4361 2120 1184 649.5 
51.0003 384 870 1399.5 1559 2046 713.996 78.0024 482.006 5247.5 7794 9595 9885 9278.5 7663 7139.5 5137 4642 2909.5 2065 817.998 397.003 
45 409 801 1236.5 1355 301.489 202.52 832.487 5290.5 7392 8761 9679.5 9469 8009.5 7690 6893.5 6370.5 3232 2329 1663 1254.5 211.999 
8.99995 56.9999 240.001 229.999 501.004 1074.5 1609 6211 8093.5 9238 9601.5 9219 8629.99 8757 8547 8253 5694.5 4401 2208.51 1681.5 1238 1008.5 
9 172 256 669.999 1158 1774 5179.5 6692.5 9323 9311 8923 8077 8019 8586 9036 7994 6783 4520.5 3588.5 1601 1304.5 1070.5 
62 179 513 706.5 1447 3859.5 6132 7653.5 7593 9108 8057.5 7984 8127 8299 8371.5 8446 7692 6350.5 4137 3361.5 1445 234.995 
23.0001 298 457 722 1839 4327 5881 7212.5 7660.5 6823 8326 8123 8304 7902.5 7760 8437.99 8488 8051.5 6472.5 4026.49 2233 296.995 
71 375 570 1445.5 1984 2638.5 4597.5 5313 5957.5 6490 6347.5 8030 7209 7245 7469 7386 8592.99 8624.5 8152 5799 2907 1953.99 
